
12 20 10 26 17 13 14 2 6 16 15 0 5 19 4 21 25 8 11 27 29 24 9 3 18 22 1 28 23 7


"args":["12 20 10 26 17 13 14 2 6 16 15 0 5 19 4 21 25 8 11 27 29 24 9 3 18 22 1 28 23 7"],

dd
can you make it print ... instead of a number once. For the first time lst->pos > 14. So that it looks like this.

a [14]: 50   -----  b [14-1]: 15
a [...]      g-----  b

1
2
3
4
5
6
7
8
9
10
11
12
13
14
...
75
76
77

./push_swap "58 83 9 88 3 93 32 2 48 84 86 99 54 46 85 68 71 42 27 16 41 36 90 72 51 33 17 61 63 43 8 25 55 64 20 34 89 19 12 26 100 62 7 82 31 60 74 15 6 98 78 49 73 67 52 1 92 14 76 65 11 57 28 23 56 81 80 96 18 13 59 47 39 4 37 50 22 77 38 24 70 30 35 95 66 29 75 53 91 45 69 5 40 79 97 94 44 21 10 0" | wc -l
